1 85.2 76.7 0.805 89.8 31.4 84.3 90.2 87.9
2 87.0 79.7 0.824 94.9 44.9 87.0 86.6 85.2
3 82.4 73.9 0.757 94.2 31.7 83.4 78.8 81.4
4 81.1 72.1 0.734 93.5 29.7 82.9 74.6 79.7
5 78.5 70.0 0.69 91.7 32.3 81.4 70.7 74.1
6 77.5 68.3 0.673 90.9 30.8 80.8 67.1 72.1
7 76.4 67.1 0.654 90.4 30.3 79.9 66.9 68.2
8 75.5 66.1 0.642 91.2 28.8 78.7 67.8 63.9
9 74.2 65.3 0.627 90.9 30.3 77.0 68.5 59.8
10 73.9 64.5 0.619 90.7 29.1 77.0 64.8 60.8
11 74.5 64.7 0.621 90.2 28.2 78.1 64.4 62.6
12 74.3 64.2 0.615 90.0 28.1 78.1 63.8 60.8
13 74.0 63.5 0.614 89.7 26.5 77.2 63.2 60.8
14 74.3 63.8 0.618 89.5 25.9 77.6 63.7 62.1
15 74.1 63.6 0.616 88.9 25.4 77.3 63.9 62.5
16 74.3 63.5 0.622 89.6 25.0 77.0 62.3 63.6
17 73.8 62.6 0.613 89.7 24.1 76.7 60.8 61.7
18 73.5 62.2 0.609 88.4 23.6 76.4 59.6 63.1
19 73.3 62.2 0.607 88.5 23.1 76.1 60.2 63.2
20 72.7 61.2 0.596 88.1 21.9 75.9 59.0 61.3
